984
739 182
208 285
299 85
470 580
120 477
364 157
509 267
847 264
971 466
118 287
18 262
11 257
180 213
518 532
57 20
593 880
747 931
956 817
391 771
12 413
900 224
221 843
764 772
122 521
331 826
398 570
121 424
407 920
953 229
769 681
943 445
687 793
243 114
23 54
807 676
394 16
59 118
866 280
823 433
215 849
837 874
112 634
540 324
426 275
22 134
118 335
645 290
454 805
207 839
398 558
895 496
260 324
247 128
343 388
762 788
203 564
12 132
452 683
243 291
324 819
66 10
618 500
768 541
10 8
68 473
796 54
608 345
786 93
375 460
597 820
555 637
100 369
279 590
261 241
946 962
95 101
80 74
379 934
541 660
12 10
801 616
888 550
218 125
56 113
704 180
61 784
22 13
427 308
885 249
154 836
585 432
305 854
266 383
51 89
151 351
887 222
325 806
204 489
592 398
748 114
214 327
565 560
5 535
469 416
781 101
312 484
425 90
832 773
253 141
692 946
299 510
8 2
263 193
967 83
215 516
265 106
385 84
837 522
141 163
109 59
15 499
24 852
147 613
50 107
71 116
13 73
624 381
192 168
10 235
55 466
376 399
392 18
664 973
276 609
6 23
146 179
240 455
192 450
314 841
498 632
158 80
939 701
157 678
376 190
234 699
865 504
42 891
48 123
597 603
109 197
465 906
354 490
133 277
356 105
330 893
196 501
881 275
37 601
218 716
47 22
10 124
622 672
151 244
743 250
256 40
719 381
746 680
26 3
57 302
391 365
982 565
16 44
39 764
395 587
718 76
834 628
767 58
39 13
592 795
291 954
164 48
232 58
554 230
453 287
41 112
92 142
7 349
614 869
115 336
742 741
418 804
10 104
252 109
655 83
84 10
4 98
782 372
917 76
166 744
544 277
721 761
925 139
111 184
730 929
498 728
3 1
132 610
369 458
34 83
183 598
657 863
229 196
99 695
434 117
372 236
443 268
710 408
749 387
454 467
2 1
507 409
206 496
474 283
494 562
16 20
266 568
7 14
106 149
179 403
23 75
13 78
192 238
230 341
844 941
417 103
889 718
223 831
266 23
40 518
139 280
928 537
43 96
316 28
292 104
476 694
28 10
312 64
635 733
643 407
428 864
575 526
563 127
615 88
200 46
359 132
56 44
117 119
249 334
253 308
612 179
371 331
151 337
73 130
600 222
282 304
5 41
260 367
264 252
73 470
116 964
528 242
286 538
267 81
103 269
675 617
438 56
773 536
470 698
173 586
330 981
644 449
545 16
166 100
703 225
146 205
362 124
340 800
378 411
92 338
567 521
52 50
230 921
717 424
222 633
938 146
30 74
907 386
132 296
797 951
876 588
101 552
99 23
200 314
109 139
55 456
230 435
922 609
228 45
775 191
82 28
201 78
547 479
446 189
65 366
329 449
313 910
548 461
22 373
174 11
918 595
573 641
561 203
16 549
60 331
19 68
399 423
288 642
726 296
79 86
102 82
374 237
209 307
546 172
6 439
636 53
668 280
79 35
858 739
292 701
188 828
333 250
474 721
32 61
16 69
73 273
942 574
182 65
566 500
319 297
46 35
4 15
2 231
32 444
670 63
258 958
98 133
117 206
53 27
360 321
40 38
13 42
34 840
65 56
198 153
353 680
611 5
584 81
870 75
527 59
7 505
394 526
542 321
537 227
945 312
4 220
136 38
266 389
755 609
126 6
972 19
136 329
222 65
289 370
629 181
35 9
445 776
43 147
625 403
517 67
209 26
254 502
186 168
661 460
190 666
147 488
853 112
175 52
555 222
7 150
491 134
156 133
537 851
536 326
714 242
501 519
26 514
308 419
494 751
283 606
45 93
354 173
276 65
658 188
110 481
809 898
222 330
825 977
211 200
429 905
758 50
21 31
285 401
333 984
63 248
845 171
903 707
214 361
153 26
820 952
161 26
323 452
293 100
913 30
250 286
194 74
124 583
590 824
38 649
197 378
173 98
665 658
743 774
64 48
930 655
517 740
292 381
160 170
80 298
365 297
974 763
331 531
901 779
45 189
419 926
6 3
674 353
46 106
292 573
899 393
508 109
391 436
924 658
112 682
462 191
300 317
957 806
8 97
215 254
961 706
485 622
822 89
483 349
855 28
89 553
67 30
300 16
198 520
177 599
440 20
88 842
667 99
602 95
659 245
352 218
730 609
765 16
474 572
14 17
770 254
693 532
223 777
318 300
169 163
43 259
191 407
802 246
320 49
706 208
11 353
43 26
115 405
52 821
503 216
137 492
51 16
494 257
249 482
249 676
376 457
125 70
394 877
186 301
288 258
686 471
335 447
216 66
37 13
90 196
287 937
229 524
785 301
135 932
144 909
342 204
803 487
22 556
798 71
687 198
386 465
200 441
202 421
69 110
182 631
78 141
68 90
281 306
745 535
313 51
191 255
955 780
722 457
347 605
106 180
274 589
303 480
630 720
286 725
23 33
445 369
105 187
28 63
596 518
11 19
461 145
21 386
270 31
671 723
128 76
63 681
495 258
129 278
778 283
135 217
569 283
1 45
92 472
66 195
100 17
8 25
62 70
174 707
456 468
191 420
527 976
632 896
653 443
708 224
241 114
204 430
626 139
186 475
730 850
226 7
64 144
391 902
975 267
7 464
62 49
846 739
171 738
71 315
416 155
437 124
2 619
358 512
471 515
851 894
4 13
522 92
248 581
702 16
282 190
533 353
285 578
274 325
87 64
297 202
240 284
862 978
696 597
755 848
199 184
904 775
593 109
566 908
315 395
29 20
11 115
597 238
283 185
212 53
236 442
759 482
476 367
639 689
92 138
236 648
391 560
368 753
109 120
108 203
740 873
741 110
258 168
750 246
76 51
595 583
272 115
88 497
191 69
109 384
732 188
959 521
432 19
343 90
827 325
446 513
33 48
284 412
165 138
798 872
542 871
72 66
36 2
11 5
638 497
95 48
151 137
664 862
224 66
448 447
123 249
736 277
685 682
775 859
313 679
221 117
454 274
91 121
206 208
240 110
73 183
912 563
4 3
39 71
576 174
204 115
923 467
411 818
757 93
260 357
238 347
249 817
49 122
157 61
581 833
96 271
433 418
27 22
122 127
791 398
273 500
536 780
415 69
242 195
501 628
40 146
305 283
227 26
907 914
211 571
432 724
639 563
92 355
327 345
727 456
58 188
276 406
763 138
289 102
125 677
29 616
979 60
400 322
204 970
368 186
4 9
136 168
857 600
429 181
58 8
566 787
398 145
617 729
965 761
274 240
111 36
401 559
700 115
20 815
944 778
139 363
279 620
471 124
253 663
535 652
488 731
281 387
32 656
207 169
897 784
409 85
229 792
541 513
10 55
451 449
155 115
115 159
77 236
325 737
281 56
551 503
271 614
771 844
593 883
446 534
239 128
340 185
85 2
530 209
916 554
662 287
511 501
190 42
886 121
428 395
103 129
239 404
312 856
99 114
43 176
375 116
860 190
10 574
622 734
229 479
669 789
424 868
322 107
243 799
3 18
845 861
181 55
279 187
168 219
366 671
487 797
762 875
36 103
705 38
30 20
71 81
615 915
38 18
237 136
328 237
159 268
4 7
162 87
5 105
529 245
172 690
198 487
140 96
969 98
376 506
287 326
390 322
88 92
130 154
238 646
77 45
756 156
63 422
588 477
21 14
246 223
933 583
692 354
84 91
647 6
379 194
47 809
807 963
309 12
195 463
234 290
377 29
38 88
172 169
784 940
630 425
143 712
116 684
504 657
385 550
135 69
464 882
499 816
519 709
233 218
290 459
357 691
623 19
396 215
426 919
209 735
747 24
582 286
234 103
414 277
525 494
835 419
18 177
516 754
711 507
607 212
448 543
193 62
617 300
830 356
498 265
113 145
32 4
187 431
713 357
838 46
650 238
219 397
242 948
41 348
251 164
45 50
46 294
8 223
210 72
654 790
273 927
35 260
486 186
936 286
949 404
776 892
311 651
40 410
736 808
321 69
549 594
59 25
246 968
604 83
2 5
22 303
269 867
34 94
92 152
88 117
193 380
339 191
825 99
115 811
433 762
27 485
554 752
287 402
280 669
283 523
60 58
408 226
176 346
461 654
46 493
178 148
879 821
640 128
106 225
878 390
358 276
715 231
70 504
579 544
412 621
697 344
760 588
138 245
326 664
323 296
947 32
148 59
539 117
812 594
884 107
160 145
99 250
102 814
751 980
400 591
783 81
632 983
171 50
185 86
627 189
539 766
103 557
215 205
406 911
577 156
960 736
653 810
24 23
34 4
16 15
966 742
214 122
128 673
66 131
68 393
344 259
41 202
244 478
141 779
143 104
157 310
670 890
688 70
382 1
112 635
102 275
350 117
207 230
167 140
813 564
